0 0.001743557673353171 0.5 0.09418950058798341 0.48512194284537113 0.10982374093384 0.48969980658525697 0.1057452434523122 0.5469231033338292 0.11458198799562247 0.572101353903201 0.28859788054080876 0.5858349451228584 0.3477360940229619 0.5755347517081154 0.353174090664999 0.6293246506517732 0.3640500839490732 0.6327580484566876 0.36608933268983707 0.5801126154480011 0.37152732933187416 0.5778236835780584 0.3803640738751844 0.5984240704075443 0.4361035394560644 0.6041464000824015 0.4415415360981015 0.720881925449489 0.3647298335293278 0.7609382331734895 0.2851991326395356 0.7346155166691463 0.2824801343185171 0.7037149364249172 0.25868889900960484 0.7174485276445747 0.16148470903319218 0.6968481408150886 0.15808596113191906 0.6854034814653741 0.14041247204529855 0.6922702770752028 0.07991475940263609 0.6739588221156597 0.05408427535296 0.6957036748801172 0.001743557673353171 0.7025704704899458
0 0.5183532386668751 0.6236023209769161 0.6706171446439132 0.6522139693512022 0.7161603665209737 0.6350469803266305 0.7385921026693766 0.6602252308960024 0.9975766927463923 0.7220263913844605 0.998256442326647 0.9097188047197775 0.49932025041974537 0.7517825056937181 0.4979607512592361 0.6842590155304027 0.5163139899261112 0.6728143561806883
0 0.49320250419745365 0.38097554276296963 0.5108759932840742 0.37525321308811244 0.5176734890866205 0.3901312702427412 0.5652559597044449 0.4015759295924557 0.72295786232352 0.37868661089302674 0.7161603665209737 0.3969980658525699 0.7209186135827561 0.4107316570722272 0.7181996152617376 0.4473545669913135 0.7215983631630107 0.4610881582109708 0.7406313514101405 0.4587992263410279 0.7426706001509045 0.479399613170514 0.7487883463731961 0.49656660219508564 0.8242405497814606 0.5034333978049144 0.758304840496761 0.5320450461792005 0.7474288472126869 0.5457786373988578 0.737912353089122 0.6442027078064021 0.7290756085458117 0.6350469803266305 0.7277161093853024 0.574390285773144 0.7202388640025014 0.5515009670737151 0.6991666270146077 0.5423452395939434 0.6434271614337278 0.5148780571546288 0.6352701664706721 0.5011444659349714 0.596524440396158 0.46452155601588513 0.5570989647413893 0.4450656351213706 0.5088367445433103 0.45307689666617074 0.4945620033579629 0.4439211691863991
0 0.7535465934349785 0.37410874715314096 0.8167633043986595 0.36380855373839793 0.8317177951642615 0.3683864174782837 0.8133645564973864 0.37067534934822666 0.8079265598553492 0.38097554276296963 0.799089815312039 0.3924202021126841 0.7854948237069463 0.4038648614623986 0.7637428371387981 0.4038648614623986 0.7515073446942147 0.39814253178754133
0 0.039819041154749046 0.4087868653086044 0.1020898068983554 0.40511737138423787 0.10364657604194555 0.42975540201927004 0.037639564353722815 0.4360459630324698 0.033280610751670374 0.41402899948627075
0 0.29170428858763675 0.3920120359400719 0.33000080951995464 0.38414883467357225 0.3275099788902104 0.4072142250553045 0.2913929347589187 0.4119321458152042
0 0.2982427189907154 0.46068399366750185 0.3468139162707284 0.4454818045522693 0.35086151604406274 0.5062905610131997 0.33124622483482674 0.4989515731644667 0.3100741644820006 0.49213679873350036 0.2957518883609711 0.47378932911166793
0 0.3642497306789381 0.4470544448055692 0.43586111128408545 0.4329006825258699 0.43710652659895755 0.46907140835176814 0.39413969823586914 0.5 0.38261960657330196 0.5083874146842663 0.37826065297124956 0.5314528050659985 0.3658064998225283 0.5172990427862991 0.363315669192784 0.5062905610131997
0 0.392582929092279 0.3762856334070727 0.4237183119640822 0.383100407838039 0.4249637272789543 0.39725417011773834 0.39164886760612494 0.3951573164466717
0 0.23472653793223688 0.4009236640421048 0.2636824440030139 0.39568152986443833 0.2733344126932728 0.3909636091045386 0.27520253566558106 0.41088371897967096 0.2605689057158335 0.40983529214413766 0.24033090684916145 0.41560163973957076
