0 0.3675522113022113 0.998 0.0 0.998 0.15704340704340708 0.8960227272727272 0.34579750204750204 0.7403409090909091 0.4001842751842752 0.6926136363636364 0.4302569615069615 0.6573863636363636 0.44945229320229324 0.6278409090909092 0.4564905814905815 0.5926136363636364 0.4833640458640459 0.5914772727272728 0.4820843570843571 0.5619318181818183 0.5012796887796888 0.5517045454545455 0.5595055282555282 0.5619318181818183 0.5428695741195741 0.5778409090909091 0.5371109746109746 0.6005681818181818 0.5850993038493039 0.5994318181818182 0.6977119164619165 0.5960227272727272 0.7706541769041769 0.58125 0.8077651515151515 0.5960227272727272 0.8730292792792793 0.59375 0.9988738738738738 0.6210227272727272 0.9977989352989353 0.8880681818181819 0.8602323914823915 0.89375 0.8346386158886159 0.8755681818181819 0.8148034398034397 0.9107954545454546 0.831439393939394 0.9448863636363636 0.8768683456183456 0.9528409090909091 0.967726248976249 0.9482954545454546 0.9984387796887797 0.947159090909091 0.9988738738738738 0.998
0 0.0022010647010647357 0.6164772727272727 0.12121212121212123 0.6039772727272728 0.16920045045045048 0.5857954545454546 0.2542997542997544 0.5823863636363636 0.26709664209664213 0.547159090909091 0.28949119574119575 0.5323863636363636 0.3176443488943489 0.5255681818181819 0.3368396805896806 0.5460227272727273 0.33428030303030304 0.5755681818181819 0.38738738738738737 0.572159090909091 0.38482800982800985 0.584659090909091 0.39186629811629814 0.5914772727272728 0.4315366502866503 0.5892045454545455 0.4174600737100737 0.6176136363636364 0.38482800982800985 0.6085227272727273 0.34067874692874694 0.6164772727272727 0.3349201474201475 0.6357954545454546 0.3304412366912367 0.6153409090909091 0.3234029484029484 0.6142045454545455 0.31892403767403765 0.6357954545454546 0.3150849713349714 0.6153409090909091 0.3067669942669943 0.6164772727272727 0.30292792792792794 0.6392045454545455 0.2990888615888616 0.6210227272727272 0.288211506961507 0.6198863636363636 0.28885135135135137 0.6380681818181819 0.2830927518427519 0.6392045454545455 0.27989352989352995 0.6198863636363636 0.26837633087633095 0.6198863636363636 0.26901617526617533 0.6403409090909091 0.25941850941850947 0.6392045454545455 0.25365990990990994 0.6176136363636364 0.2453419328419329 0.6232954545454547 0.24278255528255532 0.64375 0.23574426699426704 0.6426136363636363 0.22934582309582313 0.6221590909090909 0.2184684684684685 0.6232954545454547 0.21590909090909097 0.6414772727272727 0.20503173628173635 0.64375 0.19927313677313682 0.6232954545454547 0.18775593775593782 0.6232954545454547 0.18583640458640463 0.6494318181818183 0.17111998361998368 0.6505681818181819 0.16536138411138415 0.6301136363636364 0.14936527436527441 0.63125 0.14488636363636367 0.6528409090909091 0.12697072072072074 0.6551136363636364 0.12633087633087636 0.6357954545454546 0.11609336609336612 0.6289772727272728 0.10649570024570028 0.634659090909091 0.10265663390663393 0.6573863636363636 0.0789823914823915 0.6607954545454546 0.07258394758394761 0.634659090909091 0.05914721539721543 0.6357954545454546 0.04763001638001641 0.6642045454545455 0.015637796887796925 0.6653409090909091 0.010519041769041804 0.6380681818181819 0.0022010647010647357 0.6426136363636363
0 0.014997952497952534 0.8414772727272728 0.05530814905814909 0.8289772727272727 0.055947993447993484 0.8073863636363636 0.014997952497952534 0.81875
0 0.07642301392301395 0.8210227272727273 0.10649570024570028 0.8096590909090909 0.10905507780507784 0.7880681818181818 0.07578316953316956 0.7948863636363637
0 0.12761056511056515 0.8005681818181819 0.15192465192465196 0.7926136363636364 0.15256449631449637 0.772159090909091 0.12697072072072074 0.7789772727272728
0 0.1685606060606061 0.784659090909091 0.1871160933660934 0.7755681818181819 0.1871160933660934 0.7619318181818182 0.17048013923013927 0.7653409090909091
0 0.20311220311220315 0.7653409090909091 0.22166769041769047 0.7619318181818182 0.22166769041769047 0.7471590909090909 0.20311220311220315 0.7517045454545455
0 0.23510442260442266 0.75625 0.24662162162162166 0.7551136363636364 0.24598177723177728 0.7414772727272727 0.23574426699426704 0.7403409090909091
0 0.26133804258804266 0.7460227272727272 0.2581388206388207 0.7357954545454546 0.2696560196560197 0.734659090909091 0.27157555282555285 0.7471590909090909
0 0.9632473382473382 0.8755681818181819 0.9715653153153153 0.9687500000000001 0.9984387796887797 0.9630681818181819 0.9965192465192465 0.8642045454545455
