0 0.03726287262872628 0.37754065040650403 0.05826558265582657 0.3755081300813008 0.058943089430894324 0.41920731707317066 0.07046070460704608 0.4161585365853658 0.07113821138211383 0.37449186991869915 0.11924119241192412 0.3734756097560975 0.11788617886178862 0.39888211382113814 0.12330623306233063 0.4375 0.10433604336043362 0.4659552845528455 0.10365853658536586 0.4903455284552845 0.0 0.5096544715447154 0.0 0.4639227642276423 0.013550135501355011 0.453760162601626 0.012872628726287262 0.4212398373983739 0.018292682926829264 0.4212398373983739 0.019647696476964766 0.38262195121951215 0.016937669376693762 0.3785569105691057 0.019647696476964766 0.37449186991869915 0.023712737127371278 0.3734756097560975 0.02574525745257453 0.4415650406504065 0.036585365853658534 0.4415650406504065
0 0.1639566395663957 0.3968495934959349 0.17682926829268295 0.39278455284552843 0.1829268292682927 0.4039634146341463 0.17547425474254744 0.4080284552845528 0.1802168021680217 0.41819105691056907 0.1761517615176152 0.429369918699187
0 0.20392953929539295 0.3734756097560975 0.2865853658536585 0.3683943089430894 0.27777777777777773 0.38160569105691056 0.26964769647696474 0.4344512195121951 0.2757452574525745 0.4375 0.2845528455284553 0.4527439024390244 0.279810298102981 0.4822154471544715 0.2750677506775068 0.4771341463414634 0.20799457994579945 0.4822154471544715 0.19037940379403795 0.4801829268292683 0.19037940379403795 0.4578252032520325 0.1978319783197832 0.4527439024390244 0.1978319783197832 0.44766260162601623 0.18631436314363145 0.43953252032520324 0.1897018970189702 0.4232723577235772 0.1951219512195122 0.4242886178861788 0.19850948509485095 0.410060975609756 0.19037940379403795 0.39583333333333326
0 0.5284552845528455 0.3653455284552845 0.5995934959349594 0.35416666666666663 0.5833333333333334 0.3805894308943089 0.5907859078590786 0.3968495934959349 0.6117886178861789 0.39278455284552843 0.6233062330623307 0.40091463414634143 0.6233062330623307 0.4161585365853658 0.5271002710027101 0.43953252032520324 0.5223577235772358 0.40599593495934955 0.508130081300813 0.39380081300813 0.5088075880758807 0.3866869918699187 0.5264227642276423 0.38262195121951215
0 0.5372628726287263 0.28302845528455284 0.5562330623306233 0.28302845528455284 0.5575880758807589 0.30233739837398377 0.5359078590785908 0.3094512195121951
0 0.5643631436314364 0.28302845528455284 0.5718157181571816 0.2809959349593496 0.5738482384823849 0.30233739837398377 0.5663956639566395 0.30538617886178865
0 0.5813008130081301 0.2840447154471545 0.6090785907859079 0.2840447154471545 0.6077235772357723 0.320630081300813 0.6029810298102981 0.3257113821138211 0.5860433604336044 0.30640243902439024 0.5806233062330624 0.30640243902439024
0 0.6280487804878049 0.28201219512195125 0.6565040650406504 0.279979674796748 0.6551490514905148 0.2911585365853659 0.6280487804878049 0.296239837398374
0 0.7378048780487805 0.27693089430894313 0.7723577235772358 0.27388211382113825 0.7933604336043361 0.296239837398374 0.806910569105691 0.30233739837398377 0.8048780487804877 0.2891260162601626 0.8170731707317074 0.29522357723577236 0.8130081300813007 0.31351626016260165 0.8130081300813007 0.31859756097560976 0.774390243902439 0.32672764227642276 0.7845528455284553 0.34806910569105687 0.7981029810298104 0.36128048780487804 0.7974254742547425 0.3734756097560975 0.7920054200542005 0.37754065040650403 0.7845528455284553 0.3653455284552845 0.7703252032520325 0.3622967479674796 0.7628726287262872 0.3846544715447154 0.684959349593496 0.41107723577235766 0.6856368563685636 0.4049796747967479 0.6808943089430894 0.3866869918699187 0.693089430894309 0.3846544715447154 0.6964769647696477 0.38160569105691056 0.7032520325203252 0.3805894308943089 0.7018970189701896 0.3683943089430894 0.6754742547425474 0.3409552845528455 0.6829268292682926 0.32164634146341464 0.7073170731707317 0.3246951219512195 0.7506775067750677 0.32266260162601623 0.7466124661246613 0.31046747967479676 0.747289972899729 0.30335365853658536 0.741869918699187 0.296239837398374
0 0.872628726287263 0.3724593495934959 0.915989159891599 0.35416666666666663 0.9193766937669376 0.3755081300813008 0.9247967479674797 0.38770325203252026 0.9363143631436314 0.37449186991869915 0.9437669376693767 0.38262195121951215 0.943089430894309 0.3683943089430894 0.951219512195122 0.35010162601626016 0.9613821138211383 0.35924796747967475 0.9634146341463414 0.3389227642276423 0.9983333333333333 0.33993902439024387 0.9983333333333333 0.44664634146341464 0.913279132791328 0.43648373983739835 0.8428184281842818 0.4425813008130081 0.842140921409214 0.40904471544715443 0.823170731707317 0.39481707317073167 0.8245257452574526 0.385670731707317 0.8373983739837397 0.39481707317073167 0.8644986449864499 0.4131097560975609 0.8766937669376693 0.4120934959349593 0.8800813008130081 0.4080284552845528
0 0.855691056910569 0.32977642276422764 0.8651761517615176 0.3521341463414634 0.9031165311653117 0.3409552845528455 0.9058265582655827 0.328760162601626 0.896341463414634 0.31148373983739835 0.8861788617886179 0.328760162601626 0.8814363143631436 0.3277439024390244 0.872628726287263 0.3409552845528455 0.8672086720867209 0.32672764227642276
0 0.6910569105691057 0.4568089430894309 0.684959349593496 0.44766260162601623 0.7560975609756097 0.41920731707317066 0.7547425474254742 0.47815040650406504 0.760840108401084 0.49441056910569103 0.7535211267605634 0.654330985915493 0.7378716744913928 0.6461150234741784 0.7316118935837246 0.6414201877934272 0.727699530516432 0.6437676056338029 0.7206572769953051 0.6496361502347417 0.7198748043818467 0.654330985915493 0.7151799687010955 0.6496361502347417 0.712059620596206 0.6458333333333335 0.7032520325203252 0.6458333333333335 0.702660406885759 0.6179460093896714 0.701219512195122 0.5807926829268293 0.7059620596205962 0.5685975609756098 0.7032520325203252 0.5401422764227641 0.7168021680216802 0.521849593495935 0.7168021680216802 0.5076219512195121 0.7134146341463414 0.5066056910569106 0.701219512195122 0.461890243902439
0 0.3238482384823848 0.37957317073170727 0.3448509485094851 0.3805894308943089 0.34823848238482386 0.4405487804878049 0.3611111111111111 0.43648373983739835 0.3678861788617886 0.5045731707317073 0.3584010840108401 0.49644308943089427 0.35569105691056907 0.47611788617886175 0.31978319783197834 0.47103658536585363 0.31978319783197834 0.45477642276422764 0.31978319783197834 0.44664634146341464 0.3319783197831978 0.4242886178861788 0.33062330623306235 0.39786585365853655 0.32723577235772355 0.39583333333333326
0 0.5156494522691706 0.5146596244131456 0.5320813771517997 0.49940140845070424 0.5485133020344288 0.4923591549295775 0.5719874804381847 0.48531690140845074 0.5938967136150235 0.4771009389671362 0.5985915492957747 0.478274647887324 0.5970266040688575 0.49588028169014087 0.5923317683881064 0.5099647887323944 0.5845070422535211 0.5322652582159625 0.5758998435054773 0.5428286384976526 0.5704225352112676 0.5557394366197184 0.5672926447574335 0.5780399061032864 0.5743348982785603 0.5909507042253521 0.5805946791862285 0.596819248826291 0.5751173708920188 0.6226408450704226 0.5633802816901409 0.642593896713615 0.5109546165884195 0.6343779342723005 0.5062597809076682 0.6191197183098592 0.5062597809076682 0.6062089201877935 0.5062597809076682 0.5897769953051644 0.5070422535211269 0.5686502347417841 0.5078247261345853 0.5451760563380282 0.513302034428795 0.5310915492957747
0 0.35837245696400627 0.3714671361502348 0.35680751173708924 0.40785211267605637 0.37323943661971837 0.40433098591549294 0.3763693270735524 0.4231103286384977 0.37245696400625977 0.4301525821596245 0.3716744913928013 0.45480046948356806 0.3748043818466354 0.47240610328638505 0.3779342723004695 0.5017488262910799 0.37871674491392804 0.5217018779342724 0.37871674491392804 0.5369600938967136 0.37089201877934275 0.5510446009389672 0.36776212832550864 0.5627816901408451 0.3693270735524257 0.5721713615023475 0.3591549295774648 0.586255868544601 0.3333333333333333 0.5932981220657276 0.3255086071987481 0.6003403755868546 0.32785602503912364 0.6109037558685446 0.35680751173708924 0.6132511737089201 0.3794992175273866 0.6109037558685446 0.40610328638497656 0.6062089201877935 0.4303599374021909 0.6062089201877935 0.45774647887323944 0.6097300469483568 0.4804381846635368 0.614424882629108 0.4874804381846636 0.6120774647887325 0.48982785602503914 0.5979929577464789 0.48200312989045385 0.5874295774647887 0.4804381846635368 0.5733450704225352 0.47496087636932716 0.5510446009389672 0.47809076682316115 0.5240492957746479 0.4773082942097027 0.5005751173708921 0.4702660406885759 0.4911854460093897 0.4624413145539906 0.4947065727699531 0.45539906103286387 0.5170070422535211 0.45070422535211274 0.5381338028169015 0.4460093896713615 0.5545657276995306 0.4444444444444445 0.5545657276995306 0.44287949921752734 0.5440023474178404 0.43583724569640064 0.5334389671361502 0.4272300469483568 0.5357863849765259 0.4303599374021909 0.4970539906103286 0.4287949921752739 0.47944835680751174 0.4311424100156495 0.4641901408450705 0.4327073552425665 0.4583215962441315 0.445226917057903 0.4559741784037559 0.4514866979655712 0.4524530516431925 0.4569640062597809 0.444237089201878 0.4608763693270736 0.4371948356807512 0.4624413145539906 0.4254577464788733 0.4679186228482003 0.41372065727699536 0.47104851330203446 0.41137323943661974 0.4804381846635368 0.4008098591549296 0.4874804381846636 0.39024647887323943 0.4773082942097027 0.38203051643192487 0.4624413145539906 0.3785093896713615 0.4405320813771518 0.37733568075117374 0.4381846635367762 0.37029342723004693 0.4178403755868545 0.37029342723004693 0.38419405320813776 0.3714671361502348
