0 0.4776061776061775 0.12324324324324325 0.3401544401544402 0.11135135135135134 0.3046332046332046 0.11675675675675676 0.23667953667953676 0.11675675675675676 0.18880308880308885 0.10702702702702702 0.1177606177606177 0.10486486486486486 0.09150579150579152 0.10594594594594593 0.10231660231660239 0.19783783783783784 0.21969111969111965 0.20216216216216215 0.21969111969111965 0.1924324324324324 0.21969111969111965 0.18054054054054053 0.25830115830115835 0.17297297297297295 0.2891891891891891 0.17513513513513512 0.2938223938223939 0.18594594594594593 0.3 0.19459459459459458 0.30772200772200775 0.20108108108108105 0.49613899613899615 0.19783783783783784 0.49459459459459465 0.12864864864864864
0 0.2876447876447876 0.1935135135135135 0.2505791505791506 0.1935135135135135 0.21042471042471042 0.1935135135135135 0.23667953667953676 0.19567567567567568
0 0.9810810810810809 0.12 0.9007722007722009 0.11135135135135134 0.7648648648648649 0.1081081081081081 0.6814671814671814 0.10594594594594593 0.5857142857142857 0.10702702702702702 0.5996138996138995 0.1881081081081081 0.5996138996138995 0.2 0.7154440154440155 0.1989189189189189 0.706177606177606 0.18054054054054053 0.7432432432432432 0.17945945945945946 0.8003861003861003 0.17945945945945946 0.7926640926640925 0.1924324324324324 0.7972972972972974 0.20108108108108105 0.9841698841698843 0.19783783783783784 0.9857142857142858 0.1491891891891892
0 0.794208494208494 0.1935135135135135 0.7108108108108109 0.19135135135135137 0.7231660231660232 0.2 0.8050193050193051 0.20324324324324322
0 0.4976833976833976 0.24864864864864863 0.029729729729729766 0.23459459459459459 0.006563706563706546 0.23459459459459459 0.009652509652509675 0.37405405405405406 0.10077220077220074 0.3967567567567567 0.2119691119691119 0.3978378378378378 0.21969111969111965 0.39135135135135135 0.23359073359073362 0.3794594594594594 0.2891891891891891 0.3751351351351351 0.2969111969111969 0.39135135135135135 0.32162162162162156 0.3935135135135135 0.49922779922779925 0.3978378378378378 0.49150579150579154 0.28648648648648645 0.49613899613899615 0.2616216216216216
0 0.2969111969111969 0.3978378378378378 0.24440154440154435 0.39135135135135135 0.21969111969111965 0.39135135135135135 0.2752895752895753 0.3967567567567567 0.31235521235521235 0.3978378378378378
0 0.4868725868725869 0.4518918918918919 0.15945945945945952 0.44540540540540535 0.13629343629343632 0.43027027027027026 0.11930501930501936 0.43027027027027026 0.1177606177606177 0.44216216216216214 0.09150579150579152 0.4486486486486486 0.06525096525096534 0.4378378378378378 0.03127413127413125 0.43027027027027026 0.017374517374517413 0.43567567567567567 0.01119691119691124 0.5783783783783784 0.054440154440154466 0.5891891891891892 0.08223938223938229 0.5945945945945946 0.2027027027027027 0.5913513513513513 0.21042471042471042 0.5751351351351351 0.26447876447876445 0.5740540540540541 0.3046332046332046 0.5805405405405405 0.30772200772200775 0.5913513513513513 0.4884169884169884 0.5967567567567568 0.5054054054054054 0.5221621621621622 0.48996138996139005 0.4789189189189189
0 0.7679536679536678 0.2454054054054054 0.5162162162162163 0.24 0.49613899613899615 0.24432432432432433 0.5084942084942085 0.37405405405405406 0.6042471042471041 0.3989189189189189 0.683011583011583 0.3989189189189189 0.7138996138996139 0.3956756756756757 0.7123552123552124 0.3762162162162162 0.7741312741312741 0.3762162162162162 0.788030888030888 0.3783783783783784 0.791119691119691 0.39135135135135135 0.8158301158301158 0.3978378378378378 0.9702702702702702 0.3989189189189189 0.991891891891892 0.3989189189189189 0.9903474903474901 0.2172972972972973 0.9764478764478765 0.2108108108108108 0.9193050193050194 0.21297297297297296 0.8652509652509651 0.2162162162162162 0.8173745173745173 0.227027027027027
0 0.9857142857142858 0.492972972972973 0.9115830115830116 0.49189189189189186 0.8235521235521235 0.49189189189189186 0.7864864864864867 0.49729729729729727 0.7216216216216216 0.4962162162162162 0.6583011583011583 0.48972972972972967 0.5270270270270271 0.48972972972972967 0.51003861003861 0.49729729729729727 0.5115830115830116 0.5372972972972972 0.51003861003861 0.5794594594594595 0.51003861003861 0.5945945945945946 0.7123552123552124 0.6 0.7123552123552124 0.5805405405405405 0.7525096525096525 0.5751351351351351 0.7849420849420848 0.5740540540540541 0.7895752895752896 0.5827027027027027 0.791119691119691 0.5935135135135134 0.9563706563706562 0.5945945945945946 0.9857142857142858 0.5945945945945946 0.9971428571428571 0.5556756756756757 0.9965250965250965 0.5318918918918919 0.9810810810810809 0.5059459459459459
0 0.7895752895752896 0.5891891891891892 0.7494208494208494 0.5891891891891892 0.7030888030888032 0.5902702702702702 0.7648648648648649 0.5978378378378378
0 0.4822393822393823 0.6821621621621621 0.01119691119691124 0.7048648648648648 0.0019305019305019349 0.7967567567567567 0.21660231660231669 0.7924324324324324 0.21351351351351355 0.7772972972972972 0.21814671814671815 0.7697297297297296 0.2814671814671814 0.7686486486486487 0.2984555984555985 0.7718918918918919 0.3 0.7924324324324324 0.3911196911196911 0.7989189189189189 0.4791505791505792 0.7967567567567567 0.4976833976833976 0.7956756756756757 0.49613899613899615 0.7416216216216216 0.49459459459459465 0.7048648648648648 0.4868725868725869 0.6929729729729729
0 0.9857142857142858 0.681081081081081 0.9455598455598455 0.6681081081081082 0.9023166023166024 0.6637837837837838 0.8590733590733589 0.667027027027027 0.8142857142857143 0.6745945945945946 0.7741312741312741 0.6778378378378378 0.7525096525096525 0.6767567567567567 0.7308880308880308 0.6616216216216215 0.6505791505791506 0.667027027027027 0.645945945945946 0.6789189189189189 0.5826254826254826 0.6767567567567567 0.5254826254826255 0.681081081081081 0.5146718146718148 0.6886486486486486 0.4976833976833976 0.6886486486486486 0.506949806949807 0.7902702702702702 0.7138996138996139 0.7924324324324324 0.7 0.7708108108108107 0.7617760617760619 0.7708108108108107 0.7957528957528959 0.7772972972972972 0.788030888030888 0.7935135135135134 0.9795366795366794 0.7956756756756757 0.9857142857142858 0.745945945945946 0.9841698841698843 0.7167567567567568 0.9841698841698843 0.6929729729729729
0 0.4884169884169884 0.8983783783783783 0.4405405405405405 0.8745945945945945 0.4127413127413128 0.8691891891891892 0.35868725868725865 0.8670270270270269 0.2737451737451738 0.8778378378378379 0.2505791505791506 0.8875675675675675 0.24285714285714285 0.9059459459459459 0.2258687258687259 0.9124324324324324 0.2011583011583012 0.9005405405405406 0.17953667953667962 0.8702702702702702 0.1625482625482625 0.8756756756756756 0.1270270270270271 0.8778378378378379 0.04980694980694986 0.8875675675675675 0.02355212355212359 0.8983783783783783 0.0019305019305019349 0.907027027027027 0.003474903474903499 0.9935135135135135 0.22277992277992276 0.9978378378378379 0.21351351351351355 0.9837837837837837 0.21351351351351355 0.9718918918918918 0.245945945945946 0.9708108108108108 0.2861003861003862 0.9675675675675675 0.3015444015444015 0.9718918918918918 0.2953667953667954 0.9891891891891892 0.2953667953667954 0.9956756756756756 0.4976833976833976 0.9978378378378379 0.49459459459459465 0.9654054054054053 0.493050193050193 0.9383783783783783 0.48996138996139005 0.9189189189189189
0 0.9841698841698843 0.892972972972973 0.961003861003861 0.8854054054054055 0.9378378378378378 0.8875675675675675 0.9208494208494208 0.8951351351351351 0.8498069498069497 0.8983783783783783 0.7988416988416988 0.9027027027027027 0.754054054054054 0.892972972972973 0.7277992277992278 0.882162162162162 0.7077220077220078 0.8908108108108107 0.683011583011583 0.8983783783783783 0.628957528957529 0.8983783783783783 0.5177606177606177 0.8983783783783783 0.5084942084942085 0.9059459459459459 0.5115830115830116 0.9935135135135135 0.7046332046332046 0.988108108108108 0.7092664092664093 0.9729729729729729 0.7586872586872586 0.9740540540540541 0.7926640926640925 0.9740540540540541 0.7926640926640925 0.988108108108108 0.977992277992278 0.9870270270270269 0.9934362934362935 0.9902702702702701 0.994980694980695 0.9578378378378378 0.991891891891892 0.9383783783783783 0.991891891891892 0.92
