0 0.744414309699083 0.45459770114942527 0.7334366524602867 0.45 0.721167506134573 0.4442528735632184 0.7101898488957767 0.43275862068965515 0.6837143226139739 0.4247126436781609 0.6436781609195401 0.421264367816092 0.6223685909854061 0.41551724137931034 0.609453700116234 0.4051724137931035 0.6146196564639028 0.3913793103448276 0.6088079555727753 0.38448275862068965 0.5965388092470618 0.382183908045977 0.5855611520082655 0.38908045977011496 0.5707090275087175 0.3913793103448276 0.5687717938783418 0.3810344827586207 0.5552111584657109 0.3706896551724138 0.5429420121399974 0.38908045977011496 0.5319643549012011 0.382183908045977 0.5229239312927806 0.3741379310344828 0.5067803177063154 0.3695402298850575 0.4938654268371432 0.3683908045977012 0.48805372594601576 0.3683908045977012 0.48740798140255714 0.3798850574712644 0.47901330233759526 0.382183908045977 0.4738473459899264 0.3994252873563219 0.4732016014464678 0.4074712643678161 0.4673899005553403 0.40632183908045977 0.45641224331654395 0.4074712643678161 0.4189590597959447 0.4339080459770115 0.40604416892677253 0.4477011494252874 0.39183778897068317 0.4649425287356322 0.41637608162211026 0.46379310344827585 0.42993671703474107 0.46379310344827585 0.44414309699083043 0.47988505747126436 0.44543458607774766 0.5040229885057471 0.44801756425158207 0.5591954022988506 0.4460803306212062 0.5775862068965517 0.47772181325067803 0.6511494252873564 0.780576004132765 0.8844827586206897 0.7934908950019371 0.8833333333333334 0.8031770631538163 0.8948275862068966 0.8109259976753196 0.9040229885057471 0.8186749321968229 0.9063218390804597 0.8238408885444918 0.8948275862068966 0.8380472685005811 0.8959770114942529 0.8490249257393775 0.8959770114942529 0.8587110938912565 0.8959770114942529 0.8813121529123078 0.8959770114942529 0.915536613715614 0.8959770114942529 0.94524086271471 0.9005747126436782 0.9684876662792199 0.9017241379310346 0.9943174480175642 0.9017241379310346 0.998876404494382 0.9037528735632183 0.998876404494382 0.6017241379310345 0.9914115975720005 0.5982758620689655 0.9875371303112488 0.5856321839080461 0.9810796848766627 0.5764367816091954 0.9759137285289938 0.582183908045977 0.9533126695079427 0.5764367816091954 0.9391062895518533 0.5729885057471263 0.9332945886607258 0.5637931034482759 0.919733953248095 0.5511494252873564 0.8932584269662921 0.5316091954022988 0.8887382151620817 0.6235632183908046 0.8868009815317061 0.6293103448275863 0.8855094924447887 0.5718390804597702 0.8855094924447887 0.5373563218390804 0.8777605579232854 0.5224137931034483 0.8687201343148651 0.5120689655172413 0.8577424770760685 0.5040229885057471 0.8512850316414826 0.49827586206896557 0.8344956735115588 0.4879310344827586 0.8254552499031382 0.485632183908046 0.8170605708381764 0.4867816091954023 0.8054371690559214 0.4867816091954023 0.7918765336432907 0.4867816091954023 0.7783158982306599 0.47988505747126436 0.7654010073614878 0.47183908045977013 0.7570063282965259 0.46379310344827585
0 0.2978819578974557 0.6005747126436781 0.2946532351801627 0.521264367816092 0.2869043006586594 0.5166666666666666 0.2856128115717422 0.5982758620689655
0 0.4218649102415084 0.5994252873563218 0.4218649102415084 0.489080459770115 0.41088725300271206 0.485632183908046 0.4089500193723362 0.6040229885057471
0 0.43542554565413916 0.5545977011494253 0.434134056567222 0.49137931034482757 0.4276766111326359 0.4844827586206896 0.4276766111326359 0.592528735632184
0 0.40378406302466735 0.6074712643678162 0.4024925739377502 0.4902298850574713 0.40184682939429156 0.4833333333333334 0.39216066124241244 0.4810344827586207 0.3889319385251194 0.4810344827586207 0.39022342761203666 0.6097701149425288
0 0.3811830040036161 0.6063218390804598 0.38312023763399194 0.5833333333333334 0.37472555856903006 0.5741379310344827 0.3753713031124886 0.5959770114942529
0 0.3805372594601575 0.4844827586206896 0.371496835851737 0.4833333333333334 0.3727883249386542 0.5166666666666666 0.3727883249386542 0.524712643678161 0.3805372594601575 0.5258620689655172 0.3818287485470747 0.5074712643678162
0 0.36439364587369233 0.6040229885057471 0.3650393904171509 0.5798850574712644 0.36116492315639925 0.5695402298850575 0.35535322226527183 0.5695402298850575 0.35535322226527183 0.5982758620689655 0.35535322226527183 0.6040229885057471
0 0.36374790133023366 0.5201149425287357 0.36374790133023366 0.49712643678160917 0.3605191786129407 0.489080459770115 0.356644711352189 0.49367816091954025 0.356644711352189 0.5086206896551725 0.3559989668087304 0.5189655172413793
0 0.34631279865685133 0.6040229885057471 0.3443755650264754 0.5764367816091954 0.33920960867880656 0.575287356321839 0.3359808859615136 0.5810344827586207 0.338563864135348 0.5994252873563218 0.33920960867880656 0.6040229885057471
0 0.3469585432003099 0.524712643678161 0.3476042877437685 0.5017241379310345 0.34243833139609964 0.4959770114942529 0.33920960867880656 0.517816091954023
0 0.3288776959834689 0.6063218390804598 0.3288776959834689 0.5718390804597702 0.32112876146196556 0.5718390804597702 0.32177450600542423 0.5936781609195403 0.32177450600542423 0.6040229885057471
0 0.32823195144001027 0.5235632183908047 0.32564897326617587 0.5109195402298851 0.31790003874467254 0.5109195402298851 0.31854578328813116 0.5166666666666666
0 0.3146713160273795 0.6017241379310345 0.31079684876662783 0.5189655172413793 0.30304791424512456 0.5189655172413793 0.30304791424512456 0.6005747126436781
0 0.48514787550045196 0.6626436781609195 0.47546170734857285 0.6591954022988505 0.4644840501097765 0.6488505747126437 0.4560893710448146 0.6281609195402299 0.44834043652331135 0.6074712643678162 0.4464032028929355 0.6005747126436781 0.44834043652331135 0.6477011494252873 0.44123724654526664 0.6626436781609195 0.42380214387188425 0.6580459770114943 0.41024150845925345 0.6511494252873564 0.41476172026346375 0.6327586206896553 0.41669895389383954 0.6304597701149426 0.27398940978948727 0.6189655172413793 0.269469197985277 0.6166666666666666 0.26559473072452533 0.6132183908045977 0.2623660080072323 0.5109195402298851 0.24751388350768436 0.5097701149425288 0.24299367170347408 0.5270114942528736 0.24299367170347408 0.5591954022988506 0.2455766498773085 0.5672413793103449 0.24299367170347408 0.5683908045977012 0.20941495544362648 0.5477011494252874 0.203603254552499 0.5166666666666666 0.14484050109776572 0.5120689655172413 0.13192561022859356 0.5155172413793103 0.12546816479400746 0.6028735632183908 0.1603383701407723 0.6132183908045977 0.15065220198889315 0.7063218390804598 0.10648569675836236 0.998 0.9965775539196693 0.998 0.9952860648327522 0.9948275862068965 0.9985147875500452 0.9040229885057471 0.9797881957897455 0.9005747126436782 0.9746222394420767 0.9005747126436782 0.9655818158336561 0.9028735632183909 0.964290326746739 0.921264367816092 0.967519049464032 0.9258620689655173 0.9726850058117008 0.9442528735632184 0.9591243703990701 0.9442528735632184 0.9539584140514012 0.9408045977011494 0.9455637349864392 0.9442528735632184 0.9371690559214774 0.95 0.9274828877695982 0.95 0.9203796977915536 0.95 0.9236084205088466 0.9511494252873564 0.9145679969004262 0.9454022988505748 0.9074648069223815 0.9488505747126437 0.8997158724008781 0.9488505747126437 0.8913211933359163 0.9465517241379311 0.8803435360971199 0.9442528735632184 0.8693658788583236 0.9454022988505748 0.8577424770760685 0.9454022988505748 0.8306212062508072 0.9465517241379311 0.8228722717293039 0.9454022988505748 0.8164148262947178 0.9408045977011494 0.8164148262947178 0.9339080459770115 0.8164148262947178 0.9189655172413793 0.8138318481208834 0.9373563218390805 0.8118946144905075 0.9545977011494253 0.7951052563605837 0.9431034482758621 0.7892935554694562 0.9419540229885058 0.7828361100348701 0.9419540229885058 0.776378664600284 0.9408045977011494 0.776378664600284 0.9293103448275862 0.7757329200568255 0.9224137931034483 0.773149941882991 0.9063218390804597 0.7750871755133669 0.8948275862068966 0.7750871755133669 0.8844827586206897 0.781544620947953 0.8810344827586207
0 0.12546816479400746 0.5971264367816091 0.13321709931551076 0.5120689655172413 0.10997029575100088 0.5201149425287357 0.08155753583882214 0.5281609195402299 0.06735115588273276 0.5224137931034483 0.03183520599250934 0.5270114942528736 0.0 0.5292781609195403 0.0014852124499547684 0.9959770114942528 0.09126953377243759 0.998 0.10609582849024923 0.998 0.15000645744543453 0.7097701149425287 0.14225752292393126 0.7040229885057471 0.12159369753325582 0.6971264367816092 0.10674157303370783 0.692528735632184 0.11836497481596278 0.617816091954023
