0 0.2964759674361548 0.5402336860670194 0.35347508766712515 0.5347222222222221 0.3503773093937028 0.5534611992945326 0.3540946433218096 0.5710978835978835 0.32249730493290213 0.554563492063492 0.29957374570957707 0.5512566137566137
0 0.1081310484120789 0.6923500881834215 0.12176127281513703 0.6846340388007054 0.12733727370729717 0.6923500881834215 0.13167416329008838 0.7011684303350969 0.13725016418224853 0.7143959435626103 0.10937015972144783 0.7143959435626103
0 0.13725016418224853 0.7022707231040565 0.13229371894477285 0.6857363315696648 0.3683444233795522 0.6515652557319224 0.37887686950918803 0.673611111111111 0.3974635391497218 0.6692019400352733 0.4024199843871975 0.6449514991181657 0.41109376355277993 0.6295194003527337 0.43277821146673606 0.6207010582010581 0.4389737680135806 0.5865299823633155 0.4414519906323185 0.5865299823633155 0.4389737680135806 0.5633818342151675 0.43959332366826515 0.5358245149911817 0.4408324349776341 0.5159832451499118 0.49659244389923546 0.5115740740740741 0.5566893424036281 0.5071649029982362 0.5566893424036281 0.5225970017636683 0.5418200066912011 0.5358245149911817 0.5418200066912011 0.5501543209876544 0.5399613397271478 0.5722001763668431 0.5467764519286767 0.5909391534391534 0.5467764519286767 0.5964506172839505 0.5418200066912011 0.5920414462081128 0.5046466674101334 0.615189594356261 0.5071248900288713 0.6680996472663139 0.5244724483600361 0.6725088183421516 0.5374831171084099 0.658179012345679 0.544298229309939 0.6614858906525573 0.544298229309939 0.6780202821869489 0.5300484492521963 0.6769179894179893 0.5294288935975119 0.6835317460317459 0.510842223956978 0.6967592592592592 0.49659244389923546 0.7243165784832452 0.49597288824455105 0.7474647266313933 0.5027880004460801 0.7496693121693121 0.5083640013382402 0.7232142857142857 0.5176573361585071 0.7099867724867724 0.5275702266334585 0.7077821869488535 0.5381026727630943 0.751873897707231 0.574036900734793 0.7529761904761904 0.5963409043034336 0.7706128747795413 0.6192644635267586 0.7893518518518517 0.35347508766712515 0.7860449735449735 0.3522359763577562 0.726521164021164 0.16513016864304925 0.7243165784832452 0.16513016864304925 0.7154982363315696 0.1422066094197242 0.7143959435626103
0 0.4668537724743814 0.45205026455026454 0.5034075561007645 0.45205026455026454 0.504027111755449 0.4696869488536155 0.4656146611650125 0.47299382716049376 0.46065821592753675 0.46638007054673725
0 0.5145595578850848 0.4509479717813051 0.5839497912097443 0.43992504409171074 0.5864280138284822 0.4685846560846561 0.5765151233535308 0.47740299823633153 0.5164182248491381 0.46527777777777773
0 0.5957213486487491 0.45976631393298056 0.5957213486487491 0.4454365079365079 0.6328946879298167 0.44102733686067014 0.6353729105485546 0.4575617283950617 0.5975800156128025 0.47189153439153436
0 0.6428075784047682 0.43992504409171074 0.7524689292839176 0.42890211640211634 0.7537080405932864 0.45315255731922394 0.6446662453688216 0.4564594356261023
0 0.7747729328525581 0.43110670194003525 0.7809684893994027 0.43000440917107585 0.792120491183723 0.44764109347442677 0.7766315998166115 0.4509479717813051
0 0.572797789425424 0.5071649029982362 0.8918689515879211 0.47740299823633153 0.8949667298613434 0.5391313932980599 0.9011622864081881 0.5688932980599647 0.9042600646816102 0.5920414462081128 0.910455621228455 0.6052689594356261 0.9439116265814158 0.6085758377425043 0.9414334039626779 0.47740299823633153 0.9587809622938428 0.47189153439153436 0.9988290398126464 0.47189153439153436 0.9988290398126464 0.8973765432098765 0.8057507155867811 0.8973765432098765 0.8026529373133587 0.7904541446208113 0.7041435882185296 0.7893518518518517 0.7109587004200587 0.7827380952380951 0.7022849212544763 0.7595899470899471 0.6998066986357384 0.7243165784832452 0.6936111420888939 0.7232142857142857 0.668209360246831 0.6967592592592592 0.653340024534404 0.6879409171075838 0.6428075784047682 0.6934523809523809 0.6205035748361275 0.6548721340388006 0.6186449078720742 0.6273148148148148 0.6310360209657634 0.6118827160493827 0.6409489114407146 0.6096781305114638 0.6496226906062972 0.5931437389770723 0.6428075784047682 0.5854276895943562 0.6043951278143316 0.5865299823633155 0.5963409043034336 0.5986552028218693 0.6068733504330694 0.6063712522045855 0.6099711287064917 0.6284171075837742 0.613068906979914 0.6515652557319224 0.6074929060877539 0.6780202821869489 0.6068733504330694 0.7375440917107583 0.5957213486487491 0.7408509700176366 0.5858084581737978 0.7210097001763668 0.564743565914526 0.6493606701940035 0.5678413441879484 0.6460537918871252 0.5678413441879484 0.6085758377425043 0.5622653432957883 0.6085758377425043 0.5566893424036281 0.6030643738977072 0.5573088980583125 0.5777116402116402 0.5622653432957883 0.5699955908289241 0.5628848989504727 0.5611772486772486 0.5560697867489437 0.5622795414462082 0.5504937858567835 0.5391313932980599
0 0.6942306977435784 0.7684082892416225 0.6861764742326802 0.7562830687830687 0.676263583757729 0.7662037037037037 0.6793613620311512 0.777226631393298 0.6787418063764669 0.7904541446208113 0.6967089203623162 0.7904541446208113
0 0.6459053566781904 0.726521164021164 0.6428075784047682 0.73423721340388 0.6378511331672925 0.73423721340388 0.6359924662032391 0.7463624338624338 0.6527204688797195 0.7540784832451499
0 0.6502422462609816 0.7199074074074073 0.6576769141171952 0.7154982363315696 0.6663506932827776 0.7276234567901234 0.6632529150093552 0.7529761904761904 0.6564378028078262 0.751873897707231
