0 0.0 0.5505208333333333 0.8088407494145199 0.5598958333333334 0.8123536299765808 0.2630208333333333 0.8170374707259953 0.2546875 0.8176229508196722 0.24739583333333334 0.8205503512880562 0.24114583333333334 0.8182084309133489 0.16197916666666667 0.8012295081967213 0.14947916666666666 0.8773419203747073 0.15364583333333334 0.9241803278688525 0.15572916666666667 0.9241803278688525 0.1859375 0.9792154566744731 0.18697916666666667 0.9815573770491803 0.15052083333333333 0.9988290398126464 0.14947916666666666 0.9988290398126464 0.9979166666666667 0.0 0.9979166666666667 0.0 0.8473958333333333 0.09045667447306792 0.8526041666666667 0.622072599531616 0.8557291666666667 0.6226580796252927 0.7796875 0.060011709601873534 0.7786458333333334 0.058255269320843094 0.7682291666666666 0.5945550351288056 0.7723958333333333 0.5910421545667447 0.6973958333333333 0.06586651053864169 0.6963541666666667 0.06528103044496487 0.8786458333333333 0.0 0.8838541666666667
0 0.0020491803278688526 0.8317708333333333 0.0008782201405152225 0.9369791666666667 0.09045667447306792 0.8786458333333333 0.0547423887587822 0.8338541666666667
0 0.8000585480093677 0.11822916666666666 0.8439695550351288 0.11927083333333334 0.8439695550351288 0.14427083333333332 0.8018149882903981 0.14427083333333332
0 0.8521662763466042 0.1203125 0.8984192037470726 0.1203125 0.8978337236533958 0.14322916666666666 0.8533372365339579 0.14427083333333332
0 0.9821428571428571 0.11614583333333334 0.9985362997658079 0.11510416666666666 0.9979508196721312 0.13802083333333334 0.9821428571428571 0.13802083333333334
0 0.8018149882903981 0.09635416666666667 0.843384074941452 0.09635416666666667 0.843384074941452 0.11197916666666667 0.8012295081967213 0.11197916666666667
0 0.8533372365339579 0.09739583333333333 0.8984192037470726 0.09635416666666667 0.8978337236533958 0.1109375 0.8521662763466042 0.1109375
0 0.9077868852459017 0.09739583333333333 0.9312060889929742 0.09739583333333333 0.9306206088992974 0.10989583333333333 0.906615925058548 0.1109375
0 0.9757025761124122 0.09427083333333333 0.9985362997658079 0.09427083333333333 0.9988290398126464 0.10729166666666666 0.9897540983606558 0.10677083333333333 0.9833138173302107 0.1046875
0 0.8029859484777517 0.16302083333333334 0.8129391100702577 0.16822916666666668 0.8129391100702577 0.22760416666666666 0.8029859484777517 0.22447916666666667
0 0.4909250585480094 0.4578125 0.49677985948477754 0.5203125 0.48975409836065575 0.5578125 0.694672131147541 0.5682291666666667 0.6958430913348946 0.48072916666666665 0.6437353629976581 0.47760416666666666 0.634367681498829 0.49114583333333334 0.6109484777517564 0.4890625 0.6045081967213115 0.4734375 0.5629391100702577 0.4671875
