0 0.0 0.6083109592384671 0.05808546756218175 0.6286510454804328 0.09437350850001235 0.5818688471239117 0.14296258026422617 0.5655967781303393 0.17310010578886514 0.5686477910666341 0.23522031146210057 0.5554267350093564 0.320097424164145 0.5472907005125701 0.32870814574261326 0.5778008298755186 0.3397790734863582 0.5889878773085998 0.3397790734863582 0.604242941990074 0.30779639333776176 0.6215320152957449 0.2819642286023569 0.6581441705312829 0.2678180431520162 0.7110283947603937 0.25982237311486706 0.7812016922951752 0.2739685585652078 0.8025587828492392 0.4634044332915099 0.7791676836709788 0.4646345363741482 0.7222154421934748 0.4517184540064457 0.6703482222764624 0.43818732009742417 0.6347530713530225 0.41051000073806193 0.6133959807989585 0.41051000073806193 0.6052599463021723 0.41604546460993436 0.6011919290537792 0.41051000073806193 0.5981409161174843 0.41174010382070014 0.5889878773085998 0.41604546460993436 0.5859368643723049 0.41604546460993436 0.5727158083150271 0.4750904125765739 0.6459401187861036 0.4689398971633823 0.6601781791554796 0.4935419588161488 0.690688308518428 0.49784731960538287 0.6856032869579367 0.512608556597043 0.6967903343910178 0.5064580411838512 0.7100113904482954 0.5101483504317662 0.7374705068749491 0.5285998966713411 0.7588275974290131 0.5445912367456393 0.733402489626556 0.5587374221959801 0.7171304206329834 0.5864147415553423 0.7527255715564234 0.5907201023445765 0.7720486534862908 0.6165522670799812 0.7720486534862908 0.6214726794105345 0.7384875111870474 0.7352572145545797 0.71916442925718 0.7407926784264521 0.68356927833374 0.7506335030875587 0.6774672524611504 0.7506335030875587 0.6683142136522658 0.7401776268851329 0.672382230900659 0.7395625753438138 0.6317020584167276 0.7463281422983246 0.6408550972256122 0.7475582453809628 0.6225490196078431 0.7309518537653454 0.5605117565698478 0.7106551529018131 0.5330526401431942 0.6909735035796 0.5218655927101131 0.6928186582035574 0.514746562525425 0.6903584520382808 0.5045765194044423 0.6952788643688341 0.5005085021560491 0.7038895859473023 0.5055935237165405 0.7149605136910472 0.4984744935318525 0.7106551529018131 0.4781344072898869 0.7063497921125791 0.47508339435359204 0.6448446379806627 0.489321454722968 0.6399242256501094 0.4730493857293955 0.8090633995128791 0.4466072736148401 0.8558073166531356 0.460845333984216 0.997884222697862 0.4455902693027418 0.9984992742391812 0.9581604426002766 0.9671316456319039 0.9581604426002766 0.9726671095037764 0.9327353347978196 0.9671316456319039 0.9276503132373282 0.9659015425492655 0.8432389553331706 0.9376091716485841 0.8574770157025465 0.9308436046940733 0.8452729639573671 0.8109085541368366 0.8422219510210723 0.8102935025955175 0.9530754210397852 0.7697001008684526 0.9601944512244732 0.7697001008684526 0.9979253112033195 0.0 0.9979253112033195
0 0.4277314438949984 0.5218655927101131 0.4418776293453392 0.5055935237165405 0.5009225773119788 0.49237246765926285 0.5089182473491278 0.5167805711496216 0.4880064949442764 0.5981409161174843
0 0.41973577385784927 0.540171670327882 0.4228110315644451 0.5279676185827028 0.4910817526508721 0.6164469937352535 0.4910817526508721 0.6378040842893173 0.4203508253991684 0.550341713448865
0 0.2819642286023569 0.7476405499959319 0.28442443476763357 0.7344194939386542 0.3373188673210815 0.7415385241233422 0.34900484660614556 0.7547595801806198 0.3416242281103156 0.7659466276137011 0.2831943316849952 0.7567935888048165
0 0.28442443476763357 0.7700146448620941 0.33055330036657077 0.7700146448620941 0.3090264964204001 0.7995077699129444 0.28626958939159103 0.8015417785371409 0.2831943316849952 0.7832357009193719
0 0.28934484709818686 0.7039093645757057 0.2856545378502719 0.7283174680660645 0.32317268187074083 0.7283174680660645
0 0.30041577484193177 0.6845862826458383 0.29426525942874016 0.6957733300789194 0.32624793957733655 0.726283459441868
0 0.31210175412699587 0.6642461964038727 0.3053361871724851 0.6764502481490521 0.3360887642384432 0.7293344723781628
0 0.32563288803601736 0.6449231144740053 0.31579206337491084 0.6520421446586933 0.34715969198218816 0.7415385241233422 0.3526951558540606 0.7252664551297697
0 0.33116835190788996 0.643906110161907 0.34285433119295394 0.6337360670409242 0.34838979506482654 0.665263200715971 0.3502349496887839 0.7028923602636075
0 0.3643811351391246 0.6337360670409242 0.3772972175068271 0.6367870799772191 0.3637660835978056 0.7171304206329834 0.3606908258912097 0.7069603775120007
0 0.3797574236721038 0.7435725327475388 0.43080670160159423 0.7089943861361971 0.4338819593081901 0.7374705068749491
0 0.39205845449848703 0.7130624033845904 0.42219598002312597 0.6856032869579367 0.4289615469776367 0.7028923602636075 0.3822176298373804 0.7374705068749491
0 0.41174010382070014 0.6642461964038727 0.4209658769404876 0.6764502481490521 0.3957487637464019 0.7008583516394109
0 0.3803724752134228 0.6388210886014156 0.3877530937092528 0.651025140346595 0.3779122690481463 0.7089943861361971 0.3643811351391246 0.7303514766902611
0 0.8558073166531356 0.8839191278171018 0.8490417496986247 0.9042592140590675 0.8422761827441139 0.9093442356195589 0.8441213373680714 0.95612643397608 0.9652864910079465 0.9571434382881783 0.9542155632642015 0.9479903994792938 0.94806504785101 0.9327353347978196 0.9437596870617757 0.9317183304857212 0.9333038108593501 0.9439223822309006 0.9234629861982434 0.9439223822309006 0.9166974192437326 0.937820356358311 0.9228479346569243 0.9215482873647385 0.9191576254090092 0.9215482873647385 0.917927522326371 0.9052762183711658 0.9210027800329668 0.9012082011227728 0.917927522326371 0.8910381580017899 0.9246930892808818 0.8656130501993328 0.9253081408222009 0.8462899682694653 0.9074716461239452 0.8676470588235293 0.9123920584544984 0.8818851191929054 0.9074716461239452 0.8920551623138882 0.9074716461239452 0.9439223822309006 0.8933254606736045 0.9500244081034903 0.8927104091322853 0.9357863477341143 0.8853297906364553 0.9307013261736229 0.884099687553817 0.9479903994792938 0.8754889659753488 0.941888373606704 0.8674932959381996 0.941888373606704 0.8631879351489655 0.9337523391099178 0.8656481413142421 0.9276503132373282 0.861342780525008 0.9113782442437556 0.8724137082687529 0.9042592140590675 0.8717986567274337 0.8951061752501831 0.8607277289836889 0.8910381580017899 0.8644180382316037 0.8757830933203157 0.8717986567274337 0.8737490846961191 0.8656481413142421 0.8534089984541534 0.8711836051861146 0.8493409812057603 0.8871749452604127 0.8584940200146448 0.8847147390951362 0.8829021235050036 0.9000910276281152 0.8534089984541534 0.914237213078456 0.8615450329509396 0.8945555637562428 0.8279838906516963 0.845966491992029 0.841204946708974 0.845966491992029 0.8584940200146448 0.8601126774423696 0.8595110243267431 0.8619578320663271 0.8717150760719224
0 0.8078332964302409 0.8442559596452689 0.8318203065416883 0.8432389553331706 0.8299751519177307 0.8686640631356277 0.8170590695500282 0.8737490846961191 0.8053730902649642 0.8869701407533968
0 0.8059881418062834 0.9144292571800504 0.8268998942111349 0.9174802701163453 0.8281299972937732 0.9449393865429989 0.8373557704135607 0.9612114555365714 0.8022978325583683 0.9591774469123749
0 0.902551233793392 0.8330689122121877 0.9056264914999876 0.8513749898299567 0.9154673161610943 0.8717150760719224 0.9283833985287967 0.8320519079000894
0 0.34838979506482654 0.6347530713530225 0.35085000123010307 0.6327190627288259 0.35331020739537977 0.6469571230982019 0.3557704135606565 0.6449231144740053 0.3557704135606565 0.6296680497925311 0.3588456712672522 0.6306850541046293 0.3619209289738481 0.6398380929135139 0.3576155681846139 0.6957733300789194
