0 0.37518336464472296 0.30425824175824173 0.005880536325501188 0.34432234432234426 0.004593766888848848 0.3946886446886447 0.9909025400828679 0.28365384615384615 0.9941194636744988 0.2538919413919414
0 0.6119489409887536 0.5721153846153847 0.24586303626116268 0.657967032967033 0.17895102555524098 0.6167582417582419 0.13134055639910439 0.606456043956044 0.12426332449751652 0.5984432234432234 0.11654270787760247 0.40613553113553114 0.04384023470674524 0.41185897435897434 0.05670792907326864 0.6751373626373627 0.036119618086831194 0.6785714285714286 0.027112232030264808 0.40956959706959706 0.004593766888848848 0.41529304029304026 0.003950382170522676 0.8102106227106227 0.21562395449983268 0.8067765567765568 0.20983349203489715 0.7701465201465202 0.27481534858584034 0.7518315018315018 0.42794091154746894 0.7621336996336996 0.43308798929407827 0.7976190476190477 0.5328126206346346 0.8067765567765568 0.6621329490181949 0.8102106227106227 0.6241732506369508 0.7300824175824177
0 0.14034794245567078 0.40384615384615385 0.19760918238669992 0.39125457875457875 0.20983349203489715 0.6156135531135531 0.1397045577373446 0.5927197802197803
0 0.21626733921815885 0.3958333333333333 0.2761021180224927 0.3843864468864469 0.28060581105077587 0.6282051282051282 0.22913503358468226 0.6327838827838829
0 0.29926396788223486 0.3923992673992674 0.35137813006665464 0.3832417582417582 0.35716859253159017 0.6076007326007326 0.29990735260056095 0.6190476190476191
0 0.36617597858815654 0.38209706959706957 0.4163599866175978 0.3740842490842491 0.41957691020922866 0.5961538461538463 0.3713230563347659 0.6041666666666666
0 0.42922768098412123 0.3763736263736263 0.48713230563347654 0.3660714285714286 0.4819852278868672 0.5824175824175825 0.43244460457575207 0.5858516483516484
0 0.4987132305633476 0.3672161172161172 0.541820006691201 0.361492673992674 0.5392464678178964 0.5629578754578756 0.4903492292251074 0.5778388278388279
0 0.5559744704943768 0.3569139194139194 0.5958643230305993 0.3466117216117216 0.5920040147206423 0.551510989010989 0.5508273927477674 0.5583791208791209 0.5514707774660935 0.34432234432234426
0 0.6100187868337751 0.3500457875457875 0.6479784852150191 0.3546245421245421 0.6351107908484958 0.46451465201465203 0.6183827881720152 0.5377747252747253 0.6048717090871657 0.5423534798534799
0 0.6685667962014565 0.34203296703296704 0.6943021849345034 0.33402014652014655 0.6955889543711558 0.40499084249084244 0.6730704892297398 0.42445054945054944
0 0.7187508042308979 0.3431776556776557 0.7431994235272923 0.3431776556776557 0.7425560388089661 0.39125457875457875 0.7129603417659623 0.4015567765567765
0 0.7605708109220989 0.33516483516483514 0.7824458913451887 0.3385989010989011 0.7843760455001672 0.4084249084249084 0.7567105026121419 0.4107142857142857
0 0.8004606634583216 0.3202838827838828 0.8242658980363898 0.3179945054945055 0.8306997452196515 0.4141483516483516 0.798530509303343 0.41185897435897434
0 0.8384203618395656 0.3191391941391941 0.8673726741642432 0.31684981684981683 0.8693028283192217 0.40956959706959706 0.8397071312762179 0.4107142857142857
0 0.8834572921223974 0.3202838827838828 0.9059757572638135 0.31227106227106227 0.904045603108835 0.41643772893772896 0.8808837532490928 0.4141483516483516
0 0.9169132974753583 0.31456043956043955 0.9407185320534266 0.30883699633699635 0.9375016084617958 0.4141483516483516 0.911766219728749 0.4084249084249084
0 0.9522994569832977 0.306547619047619 0.972244383251409 0.3031135531135531 0.9632369971948426 0.42445054945054944 0.949725918109993 0.40956959706959706
