0 0.09273747329953418 0.4851190476190476 0.04577038886172375 0.47367216117216115 0.007167305762153528 0.4851190476190476 9.007386056565494e-05 0.4874084249084249 0.002020228015544166 0.7369505494505495 0.2593741153460123 0.7472527472527474 0.3784002882363538 0.6270604395604397 0.41442983246261933 0.6316391941391941 0.45496306971716804 0.5972985347985348 0.5289523123246777 0.5526556776556777 0.6537689476799546 0.46451465201465203 0.6447615616233883 0.429029304029304 0.5977944771855779 0.429029304029304 0.5900738605656638 0.38896520146520147 0.5939341688756209 0.31227106227106227 0.5829966286640759 0.2939560439560439 0.564338471832617 0.32600732600732596 0.5534009316210721 0.3408882783882784 0.5289523123246777 0.2847985347985348 0.5057904624649354 0.24015567765567766 0.24907995985279355 0.3374542124542125 0.28382273464240676 0.35233516483516486 0.2889698123890161 0.3901098901098901 0.2851095040790591 0.429029304029304 0.23878580435957483 0.4542124542124542 0.16286640759708673 0.48855311355311354
0 0.00394511418826525 0.21161912751677855 0.004730993508636813 0.3416526845637584 0.053455511371673765 0.3360598434004475 0.08174716690505006 0.25636185682326623 0.06052842525501784 0.25076901565995524 0.036166166323499366 0.25216722595078295 0.03302264904201311 0.23399049217002238 0.034594407682756234 0.21161912751677855
0 0.08803420146802257 0.25076901565995524 0.10375178787545386 0.24937080536912754 0.10296590855508228 0.3206795302013423 0.0613143045753894 0.3430508948545861
0 0.12104113292362824 0.24237975391498884 0.11396821904028419 0.23678691275167787 0.12339877088474294 0.31508668903803133 0.15326218505886235 0.3108920581655481
0 0.12418465020511449 0.23399049217002238 0.1548339436996055 0.30250279642058164 0.29157694544425755 0.25496364653243847 0.31593920437577605 0.1836549217002237 0.29943573864797324 0.17246923937360178 0.29157694544425755 0.16407997762863538 0.278216996997941 0.17946029082774045 0.26642880719236756 0.18505313199105147 0.2648570485516244 0.16967281879194634 0.25306885874605095 0.16407997762863538 0.24678182418307845 0.16967281879194634 0.2412806689404775 0.20043344519015663 0.23342187573676187 0.1962388143176734 0.23185011709601874 0.1654781879194631 0.20591609952375714 0.17666387024608501 0.20120082360152777 0.20882270693512303 0.19569966835892683 0.20742449664429533 0.19255615107744056 0.17666387024608501 0.18626911651446804 0.16967281879194634 0.17919620263112396 0.16407997762863538 0.17290916806815146 0.15848713646532436 0.1697656507866652 0.17526565995525728 0.1799820819514955 0.20043344519015663 0.18155384059223867 0.2172119686800895 0.16269273690332112 0.2242030201342282 0.1501186677773761 0.22979586129753915
0 0.32144035961837697 0.18085850111856824 0.3300850321424642 0.18225671140939598 0.3332285494239504 0.24098154362416105 0.3017933766090879 0.25496364653243847
0 0.33794382534617984 0.18505313199105147 0.3410873426276661 0.24237975391498884 0.3670213601999277 0.2381851230425056 0.34737437719063863 0.1836549217002237
0 0.35287553243323955 0.17806208053691275 0.3740942740832717 0.22979586129753915 0.4636845166056301 0.20043344519015663 0.4856891375760338 0.13052293064876958 0.4636845166056301 0.1319211409395973 0.42124703330556557 0.144505033557047 0.40867296417962057 0.14730145413870244 0.3968847743740471 0.15569071588366892 0.3733083947629002 0.17246923937360178
0 0.4888326548575201 0.13751398210290824 0.49354793077974946 0.18784955257270694 0.46997155116860256 0.20183165548098436
0 0.49904908602235043 0.12772651006711414 0.499834965342722 0.18924776286353465 0.5234113449538689 0.18924776286353465
0 0.5061219999056945 0.11793903803131993 0.5265548622353551 0.17946029082774045 0.5462018452446442 0.17666387024608501 0.543058327963158 0.15988534675615215 0.5509171211668736 0.15009787472035796 0.5391289313613002 0.11933724832214766 0.5296983795168414 0.10954977628635347 0.5147666724297817 0.10535514541387023 0.5108372758279239 0.10675335570469802
