0 0.04223177291092981 0.36034798534798534 0.023573616079470873 0.24587912087912087 0.0029853050930334214 0.2538919413919414 -5.200107843677548e-19 0.33533272283272264 0.0029853050930334214 0.3649267399267399
0 0.10785701418019916 0.23672161172161174 0.11557763080011321 0.32944139194139194 0.048665620094191515 0.3466117216117216 0.04737885065753917 0.358058608058608 0.06989731579895514 0.37179487179487175 0.06989731579895514 0.42788461538461536 0.013279460586252146 0.46108058608058605 0.0016985356563810805 0.4004120879120879 0.000411815521239723 0.9979166666666667 0.02679053967110172 0.9979166666666667 0.029364078544406404 0.7987637362637362 0.7866278920143087 0.8044871794871795 0.8072162030007463 0.673992673992674 0.9108011426512597 0.6911630036630036 0.9114445273695858 0.7346611721611721 0.9449005327225466 0.7335164835164836 0.9429703785675682 0.7541208791208792 0.794991893352549 0.7564102564102565 0.787271276732635 0.8056318681318682 0.9642020742723317 0.8033424908424909 0.964845458990658 0.9498626373626373 0.02807730910775406 0.9441391941391941 0.02807730910775406 0.9979166666666667 0.9988290398126464 0.9979166666666667 0.9983014643436189 0.16689560439560439 0.8014257405358107 0.1691849816849817 0.8001389710991583 0.21153846153846156 0.8059294335640939 0.25274725274725274 0.8123632807473555 0.2687728937728938 0.7988522016625061 0.3992673992673993 0.7370872687031937 0.38209706959706957 0.7280798826466273 0.3569139194139194 0.7583189644079573 0.3385989010989011 0.7377306534215198 0.32944139194139194 0.7164989577167562 0.31456043956043955 0.708134956378516 0.30769230769230765 0.7171423424350825 0.17261904761904762 0.5846050904598914 0.19207875457875456 0.5807447821499344 0.37522893772893773 0.5865352446148699 0.3981227106227106 0.5968294001080886 0.40956959706959706 0.5968294001080886 0.42216117216117216 0.5691638572200634 0.3958333333333333 0.5402115448953856 0.5251831501831502 0.5395681601770596 0.5698260073260074 0.5633733947551278 0.5835622710622711 0.5633733947551278 0.6007326007326007 0.5389247754587333 0.5915750915750916 0.5318475435571455 0.6133241758241759 0.5119026172890342 0.5915750915750916 0.2352471884087809 0.5469322344322344 0.2378207272820856 0.574404761904762 0.22559641763388835 0.5732600732600733 0.19728749002753684 0.3832417582417582 0.1985742594641892 0.28937728937728935 0.24232442031036877 0.23672161172161174
0 0.21465887742234346 0.2733516483516484 0.20565149136577707 0.31570512820512825 0.22559641763388835 0.28365384615384615 0.23589057312710707 0.28365384615384615 0.2416810355920426 0.2790750915750915 0.24103765087371645 0.25618131868131866
0 0.24747149805697813 0.30196886446886445 0.22945672594384536 0.30425824175824173 0.2178758010139743 0.32371794871794873 0.2153022621406696 0.3431776556776557 0.2333170342538024 0.519459706959707 0.2635561160151324 0.4771062271062271
0 0.2764238103816558 0.47596153846153844 0.2416810355920426 0.5309065934065934 0.28157088812826514 0.5366300366300366
0 0.3323982808760326 0.39125457875457875 0.2854311964382222 0.46108058608058605 0.29443858249478855 0.5423534798534799 0.3420490516509252 0.5469322344322344
0 0.3632807473556888 0.44505494505494503 0.3613505932007103 0.4175824175824176 0.3439792058059037 0.39125457875457875 0.35105643770749156 0.5446428571428572 0.40188383045525905 0.5560897435897437 0.3954499832719973 0.33287545787545786 0.36971459453895056 0.33287545787545786 0.36907120982062436 0.35347985347985345 0.38129551946882156 0.361492673992674 0.38129551946882156 0.36950549450549447 0.3870859819337571 0.3843864468864469 0.3870859819337571 0.40499084249084244 0.3780785958771907 0.4072802197802198 0.3722881334122552 0.4381868131868132
0 0.4051007540468899 0.33516483516483514 0.4559281467946573 0.3408882783882784 0.4636487634145714 0.5629578754578756 0.41153460123015156 0.554945054945055
0 0.4687958411611807 0.3408882783882784 0.5176930797539697 0.3431776556776557 0.5260570810922099 0.36378205128205127 0.5273438505288622 0.3946886446886447 0.5279872352471884 0.5732600732600733 0.47201276475281156 0.5698260073260074
0 0.35556013073577475 0.21840659340659344 0.4835936896826826 0.21955128205128205 0.484880459119335 0.2939560439560439 0.36649767094731966 0.2870879120879121
0 0.3330416655943588 0.17490842490842493 0.33947551277762056 0.17719780219780218 0.35105643770749156 0.28365384615384615 0.33818874334096816 0.28365384615384615
0 0.2481148827753043 0.2504578754578754 0.2609825771418277 0.2435897435897436 0.2609825771418277 0.2802197802197802 0.24875826749363045 0.27793040293040294
0 0.4938878451759014 0.22184065934065936 0.5273438505288622 0.21726190476190474 0.5312041588388192 0.2493131868131868 0.5267004658105361 0.32600732600732596 0.5067555395424248 0.29967948717948717 0.49646138404920603 0.29739010989010983
0 0.017305062634581835 0.9484759507829977 0.03538028700312781 0.9442813199105146 0.03981264637002342 0.9979166666666667 0.01639344262295082 0.9979166666666667
0 0.7851091586375996 0.7541247203579418 0.8126149348506044 0.7597175615212528 0.8039702623265171 0.801663870246085 0.7796080033949987 0.807256711409396
