0 0.16167840375586853 0.6234375 0.12881455399061034 0.6307291666666667 0.09184272300469483 0.6421875 0.0636737089201878 0.6828125 0.08362676056338028 0.7182291666666667 0.2262323943661972 0.6744791666666666 0.23503521126760563 0.6109375
0 0.0014671361502347417 0.6515625 0.06778169014084508 0.6432291666666666 0.043720657276995305 0.6755208333333333 0.031396713615023476 0.6765625 0.029636150234741785 0.6921875 0.0044014084507042256 0.7015625
0 0.352406103286385 0.5130208333333334 0.414612676056338 0.5203125 0.41167840375586856 0.5619791666666667 0.3987676056338028 0.5494791666666666 0.3882042253521127 0.5598958333333334 0.38116197183098594 0.5536458333333333 0.35768779342723006 0.5546875 0.30839201877934275 0.5546875
0 0.24677230046948356 0.5807291666666666 0.2414906103286385 0.5734375 0.25146713615023475 0.5619791666666667 0.2596830985915493 0.5703125 0.27024647887323944 0.5598958333333334 0.28080985915492956 0.5109375 0.272593896713615 0.5067708333333333 0.2690727699530516 0.5130208333333334 0.2590962441314554 0.5057291666666667 0.2549882629107981 0.5151041666666667 0.22857981220657278 0.5140625 0.22564553990610328 0.5005208333333333 0.2919600938967136 0.48385416666666664 0.2984154929577465 0.5078125 0.30134976525821594 0.5223958333333333 0.3160211267605634 0.5296875 0.2860915492957746 0.5536458333333333 0.28374413145539906 0.5651041666666666 0.2990023474178404 0.5796875 0.2761150234741784 0.5828125
0 0.0 0.6234375 0.0988849765258216 0.5890625 0.1317488262910798 0.5609375 0.16167840375586853 0.5630208333333333 0.16461267605633803 0.5828125 0.14113849765258216 0.5994791666666667 0.11825117370892019 0.5953125 0.11238262910798122 0.5994791666666667 0.11473004694835681 0.6140625 0.04019953051643192 0.6255208333333333
0 0.15404929577464788 0.6078125 0.17693661971830985 0.5932291666666667 0.21214788732394366 0.5973958333333333
0 0.44688967136150237 0.5234375 0.44454225352112675 0.5588541666666667 0.505575117370892 0.5473958333333333 0.5049882629107981 0.5255208333333333
0 0.4480633802816901 0.5098958333333333 0.505575117370892 0.5192708333333333 0.5061619718309859 0.4942708333333333 0.4498239436619718 0.4921875
0 0.3617957746478873 0.5088541666666667 0.4099178403755869 0.5130208333333334 0.40933098591549294 0.49947916666666664 0.363556338028169 0.4869791666666667 0.3371478873239437 0.49322916666666666 0.3189553990610329 0.5078125 0.3095657276995305 0.5161458333333333 0.32541079812206575 0.5203125 0.35768779342723006 0.4973958333333333
0 0.22857981220657278 0.5703125 0.21508215962441316 0.5796875 0.23444835680751175 0.5817708333333333
0 0.2720070422535211 0.6036458333333333 0.2520539906103286 0.6119791666666666 0.27024647887323944 0.6494791666666667 0.2632042253521127 0.6682291666666667 0.3201291079812207 0.6494791666666667 0.3160211267605634 0.6411458333333333 0.30721830985915494 0.6390625 0.3107394366197183 0.5953125
0 0.39289906103286387 0.46927083333333336 0.41167840375586856 0.4703125 0.41167840375586856 0.48489583333333336 0.38116197183098594 0.4786458333333333
0 0.45041079812206575 0.4744791666666667 0.5061619718309859 0.4744791666666667 0.5061619718309859 0.48385416666666664 0.44865023474178406 0.48802083333333335
0 0.551349765258216 0.5432291666666667 0.5079225352112676 0.5453125 0.5067488262910798 0.6151041666666667 0.5132042253521126 0.6328125 0.5220070422535211 0.6380208333333334 0.5220070422535211 0.6557291666666667 0.5049882629107981 0.6807291666666667 0.5067488262910798 0.8078125 0.6159037558685446 0.8088541666666667 0.6129694835680751 0.7932291666666667 0.6182511737089202 0.7578125 0.6235328638497653 0.7296875 0.5754107981220657 0.7130208333333333 0.5707159624413145 0.7026041666666667 0.5713028169014085 0.6776041666666667 0.5765845070422535 0.6567708333333333 0.5589788732394366 0.6484375 0.5525234741784038 0.6348958333333333 0.5536971830985915 0.5994791666666667 0.5501760563380281 0.5848958333333333 0.5578051643192489 0.5630208333333333
0 0.7450117370892019 0.4640625 0.7291666666666666 0.46927083333333336 0.7321009389671361 0.47552083333333334 0.7696596244131455 0.4817708333333333 0.7808098591549296 0.5296875 0.7943075117370892 0.5880208333333333 0.7913732394366197 0.5994791666666667 0.7972417840375586 0.6255208333333333 0.7948943661971831 0.6307291666666667 0.7919600938967136 0.6526041666666667 0.7755281690140845 0.6723958333333333 0.7596830985915493 0.6651041666666667 0.761443661971831 0.6942708333333333 0.7696596244131455 0.7203125 0.7790492957746479 0.7401041666666667 0.7761150234741784 0.7505208333333333 0.7790492957746479 0.7598958333333333 0.766725352112676 0.7880208333333333 0.7743544600938967 0.8067708333333333 0.9988262910798122 0.8078125 0.9985328638497653 0.4901041666666667 0.9345657276995305 0.48489583333333336 0.9234154929577465 0.44947916666666665 0.9011150234741784 0.45989583333333334 0.9011150234741784 0.4796875 0.874706572769953 0.4796875 0.874706572769953 0.4640625 0.8547535211267606 0.43802083333333336 0.8371478873239436 0.4484375 0.8324530516431925 0.4432291666666667 0.8048708920187794 0.4421875 0.7937206572769953 0.43697916666666664 0.7831572769953051 0.44427083333333334 0.7649647887323944 0.4505208333333333 0.7643779342723005 0.4630208333333333
